Reais: 8422
Preditas: 7234
Acertos: 2922
Prec: 0.40392590544650264
Rev: 0.34694846829731657
Fmeasure: 0.37327542156361776

